Vehicle ID,Date,Number of Trips,Total Distance,Idling Time,Driving Time,Total Run Time,Initial SOC,Final SOC,SOC Used,Total Energy Consumption,Average Ambient Temperature,Initial Odometer,Final Odometer,Max SOC,Min SOC
EV116,5/27/2021,3.0,1.1806049,0.011111111,0.219444444,0.230555555,57.0,56.0,1.0,2.10936,59.0,159.3816615,160.5622664,57.0,56.0
EV116,5/28/2021,1.0,0.3728226,0.020555556,0.063055556,0.083611112,56.0,54.0,2.0,4.21872,61.0,160.5622664,160.935089,56.0,53.0
EV116,6/1/2021,1.0,0.1864113,0.023611111,0.071666667,0.09527777800000001,50.0,100.0,1.0,2.10936,63.0,160.935089,161.1215003,100.0,49.0
EV116,6/23/2021,8.0,47.0999218,0.213888889,1.240555556,1.4544444449999998,62.0,99.0,47.0,99.13992,69.0,161.3079116,208.4078334,100.0,54.0
EV116,6/29/2021,8.0,58.5952853,0.067222222,2.240833333,2.3080555549999997,93.0,49.0,76.0,160.31136,67.0,208.4078334,267.0031187,95.0,22.0
EV116,7/5/2021,10.0,48.3426638,0.063611111,2.149166667,2.212777778,97.0,80.0,56.0,118.12416,70.0,267.0031187,315.3457825,98.0,46.0
EV116,7/8/2021,11.0,76.5529072,0.099166667,2.625833333,2.725,99.0,14.0,94.0,198.27984,74.0,315.3457825,391.8986897,100.0,14.0
EV116,7/11/2021,5.0,54.9913335,0.040277778,2.640277778,2.6805555560000003,100.0,35.0,66.0,139.21776,72.0,391.8986897,446.8900232,100.0,35.0
EV116,7/12/2021,11.0,73.8188748,0.190833333,2.185833333,2.376666666,100.0,20.0,86.0,181.40496,69.0,446.8900232,520.708898,100.0,20.0
EV116,7/15/2021,5.0,85.0035528,0.107222222,3.064444444,3.1716666659999997,100.0,12.0,92.0,194.06112,71.0,520.708898,605.7124508,100.0,12.0
EV116,7/18/2021,5.0,2.3612098,0.125277778,0.264444444,0.389722222,95.0,94.0,6.0,12.65616,79.0,605.7124508,608.0736606,99.0,94.0
EV116,7/28/2021,9.0,79.5976251,0.198333333,2.361666667,2.56,100.0,58.0,74.0,156.09264,80.0,608.0736606,687.6712857,100.0,31.0
EV116,7/29/2021,14.0,74.5023829,0.286666667,2.825833333,3.1125,58.0,100.0,64.0,134.99904,79.0,687.6712857,762.1736686,100.0,37.0
EV116,8/1/2021,6.0,71.0227053,0.080555556,2.823333333,2.903888889,99.0,34.0,71.0,149.76456,81.0,762.2358057,833.258511,100.0,34.0
EV116,8/2/2021,8.0,51.8223414,0.346944444,3.001944444,3.348888888,100.0,52.0,49.0,103.35864,84.0,833.258511,885.0808524,100.0,52.0
EV116,8/3/2021,3.0,74.9994797,0.134722222,0.184166667,0.318888889,100.0,42.0,59.0,124.45224,82.0,885.0808524,960.0803321,100.0,42.0
EV116,8/4/2021,14.0,56.0476642,0.781666667,5.035555556,5.817222223,42.0,47.0,57.0,120.23352,79.0,960.1424692,1016.190133,100.0,41.0
EV116,8/5/2021,3.0,74.3781087,0.061666667,0.357777778,0.419444445,100.0,39.0,62.0,130.78032,76.0,1016.190133,1090.568242,100.0,39.0
EV116,8/16/2021,3.0,1.0563307,0.040833333,0.279722222,0.320555555,93.0,92.0,2.0,4.21872,76.0,1090.568242,1091.624573,94.0,92.0
EV116,8/17/2021,5.0,72.8868183,0.280277778,2.601944444,2.882222222,99.0,40.0,61.0,128.67096,72.0,1091.624573,1164.511391,100.0,40.0
EV116,8/19/2021,7.0,79.8461735,1.786944444,2.734722222,4.521666666,100.0,30.0,71.0,149.76456,67.0,1164.511391,1244.357565,100.0,30.0
EV116,8/22/2021,6.0,83.5743995,1.262222222,2.896388889,4.158611111,100.0,100.0,81.0,170.85816,65.0,1244.357565,1327.931964,100.0,25.0
EV116,8/23/2021,2.0,64.8089953,0.031111111,0.408888889,0.44,100.0,56.0,48.0,101.24928,66.0,1327.931964,1392.740959,100.0,56.0
EV116,8/24/2021,14.0,97.6173841,1.017777778,5.000555556,6.018333334,56.0,16.0,101.0,213.04536,69.0,1394.045839,1491.663223,100.0,16.0
EV116,8/25/2021,12.0,74.1916974,2.445555556,4.501666667,6.947222223000001,16.0,37.0,65.0,137.1084,78.0,1491.663223,1565.85492,100.0,16.0
EV116,8/29/2021,5.0,108.0564169,0.337777778,4.005838889,4.343616666999999,99.0,22.0,104.0,219.37344,83.0,1565.85492,1673.911337,100.0,5.0
EV116,8/30/2021,,75.1237539,,,,100.0,40.0,61.0,128.67096,71.0,1673.911337,1749.035091,100.0,39.0
EV116,8/31/2021,9.0,103.3961344,0.671111111,5.721105556,6.3922166670000005,40.0,16.0,85.0,179.2956,65.0,1749.035091,1852.431225,100.0,15.0
EV116,9/1/2021,13.0,45.1736717,0.334444444,2.835555556,3.17,100.0,65.0,38.0,80.15568,63.0,1852.431225,1897.604897,100.0,64.0
EV116,9/2/2021,9.0,80.156859,0.284722222,2.85945,3.144172222,100.0,36.0,68.0,143.43648,65.0,1897.604897,1977.761756,100.0,36.0
EV116,9/7/2021,7.0,49.0261719,1.125,2.377219444,3.502219444,100.0,60.0,44.0,92.81184,73.0,1977.761756,2026.787928,100.0,60.0
EV116,9/8/2021,9.0,80.9025042,0.851388889,3.390002778,4.241391667,100.0,21.0,87.0,183.51432,75.0,2026.787928,2107.690432,100.0,21.0
EV116,9/11/2021,4.0,79.6597622,0.29,2.045280556,2.335280556,100.0,13.0,85.0,179.2956,84.0,2107.690432,2187.350194,100.0,13.0
EV116,9/12/2021,7.0,51.2009704,1.2575,3.676944444,4.934444444,100.0,54.0,49.0,103.35864,84.0,2187.350194,2238.551165,100.0,54.0
EV116,9/14/2021,4.0,41.6939941,0.491388889,1.376108333,1.867497222,100.0,66.0,36.0,75.93696,72.0,2238.551165,2280.245159,100.0,66.0
EV116,9/19/2021,6.0,54.9913335,1.059444444,2.254166667,3.3136111109999997,98.0,44.0,56.0,118.12416,66.0,2280.245159,2335.236492,98.0,44.0
EV116,9/20/2021,10.0,76.7393185,1.291111111,2.978333333,4.269444444,100.0,36.0,71.0,149.76456,72.0,2335.236492,2411.975811,100.0,35.0
EV116,9/22/2021,5.0,104.1417796,0.176944444,4.633333333,4.8102777770000005,100.0,8.0,96.0,202.49856,85.0,2411.975811,2516.11759,100.0,8.0
EV116,9/23/2021,9.0,34.796776,0.251666667,2.165555556,2.417222223,8.0,70.0,33.0,69.60888,76.0,2516.11759,2550.914366,100.0,8.0
EV116,9/26/2021,5.0,65.3682292,0.937222222,2.693333333,3.630555555,98.0,39.0,64.0,134.99904,62.0,2550.914366,2616.282596,99.0,39.0
EV116,9/27/2021,7.0,100.2271423,0.109722222,2.159444444,2.269166666,100.0,15.0,85.0,179.2956,58.0,2616.282596,2716.509738,100.0,15.0
EV116,9/29/2021,5.0,52.3815753,0.590833333,2.413055556,3.003888889,100.0,57.0,45.0,94.9212,64.0,2716.509738,2768.891313,100.0,57.0
EV116,9/30/2021,9.0,35.3560099,0.718611111,2.558611111,3.277222222,100.0,68.0,32.0,67.49952,79.0,2768.891313,2804.247323,100.0,68.0
EV116,10/1/2021,4.0,82.3316575,0.150277778,1.371388889,1.521666667,100.0,9.0,92.0,194.06112,81.0,2804.247323,2886.578981,100.0,9.0
EV116,10/6/2021,4.0,82.1452462,0.466388889,3.293888889,3.7602777780000003,100.0,26.0,74.0,156.09264,63.0,2886.578981,2968.724227,100.0,26.0
EV116,10/7/2021,11.0,69.593552,0.412222222,3.934722222,4.346944444,26.0,34.0,67.0,141.32712,60.0,2968.724227,3038.317779,100.0,26.0
EV116,10/10/2021,6.0,99.5436342,0.516388889,3.312777778,3.829166667,100.0,20.0,81.0,170.85816,69.0,3038.317779,3137.861413,100.0,20.0
EV116,10/11/2021,9.0,80.6539558,0.503611111,2.787777778,3.2913888890000003,100.0,34.0,67.0,141.32712,59.0,3137.861413,3218.515369,100.0,34.0
EV116,10/13/2021,6.0,135.5831522,0.108333333,2.283055556,2.391388889,98.0,49.0,122.0,257.34192,63.0,3218.515369,3354.098521,99.0,20.0
EV116,10/14/2021,17.0,104.8252877,1.975277778,5.310833333,7.286111110999999,49.0,17.0,86.0,181.40496,68.0,3354.098521,3458.923809,100.0,17.0
EV116,10/16/2021,7.0,71.457665,0.365833333,2.833611111,3.199444444,100.0,34.0,67.0,141.32712,76.0,3458.923809,3530.381474,100.0,34.0
EV116,10/18/2021,7.0,80.156859,0.661388889,3.000833333,3.662222222,100.0,27.0,77.0,162.42072,54.0,3530.381474,3610.538333,100.0,27.0
EV116,10/19/2021,6.0,80.77823,0.2675,2.387222222,2.654722222,100.0,34.0,67.0,141.32712,57.0,3610.538333,3691.316563,100.0,34.0
EV116,10/20/2021,8.0,95.6289969,0.653055556,3.456111111,4.109166667,100.0,93.0,84.0,177.18624,62.0,3691.316563,3786.94556,100.0,24.0
EV116,10/21/2021,6.0,99.6057713,0.709722222,2.882222222,3.5919444439999997,100.0,10.0,89.0,187.73304,67.0,3786.94556,3886.551331,100.0,10.0
EV116,10/22/2021,3.0,53.0650834,0.225277778,1.805,2.030277778,10.0,45.0,52.0,109.68672,60.0,3886.551331,3939.616414,100.0,10.0
EV116,10/23/2021,14.0,61.7021403,0.715,5.053888889,5.768888889,45.0,46.0,55.0,116.0148,56.0,3939.616414,4001.318555,100.0,45.0
EV116,10/24/2021,,58.7816966,,,,100.0,40.0,62.0,130.78032,59.0,4001.318555,4060.100251,100.0,40.0
EV116,10/26/2021,9.0,103.5825457,0.398888889,3.121388889,3.520277778,100.0,16.0,86.0,181.40496,58.0,4060.100251,4163.682797,100.0,16.0
EV116,10/27/2021,6.0,57.0418578,0.440277778,2.673611111,3.113888889,100.0,50.0,50.0,105.468,73.0,4163.682797,4220.724655,100.0,50.0
EV116,10/30/2021,4.0,95.9396824,0.176111111,1.888888889,2.065,100.0,12.0,86.0,181.40496,63.0,4220.724655,4316.664337,100.0,12.0
EV116,10/31/2021,9.0,30.8200016,0.546666667,2.786111111,3.3327777779999996,12.0,68.0,33.0,69.60888,57.0,4316.664337,4347.484339,100.0,12.0
EV116,11/1/2021,8.0,71.6440763,0.211111111,2.791944444,3.003055555,100.0,40.0,76.0,160.31136,58.0,4347.484339,4419.128415,100.0,26.0
EV116,11/2/2021,12.0,52.0087527,0.457777778,2.0625,2.520277778,100.0,37.0,64.0,134.99904,61.0,4419.128415,4471.137168,100.0,37.0
EV116,11/4/2021,4.0,85.8734722,0.323888889,2.812777778,3.136666667,100.0,28.0,76.0,160.31136,71.0,4471.137168,4557.01064,100.0,28.0
EV116,11/8/2021,10.0,78.2306089,0.408333333,4.085277778,4.493611111,100.0,20.0,82.0,172.96752,56.0,4557.01064,4635.241249,100.0,20.0
EV116,11/10/2021,6.0,1.1806049,0.633055556,0.334444444,0.9675,100.0,97.0,4.0,8.43744,65.0,4635.241249,4636.421854,100.0,97.0
EV116,11/11/2021,2.0,0.1864113,0.011944444,0.075555556,0.0875,95.0,95.0,3.0,6.32808,79.0,4636.421854,4636.608265,96.0,94.0
EV116,11/17/2021,5.0,12.5516942,0.158888889,0.866388889,1.025277778,97.0,81.0,17.0,35.85912,58.0,4636.608265,4649.159959,98.0,81.0
EV116,11/18/2021,1.0,0.9941936,0.0075,0.11,0.1175,100.0,98.0,2.0,4.21872,60.0,4649.159959,4650.154153,100.0,98.0
EV116,11/20/2021,2.0,0.1242742,0.003611111,0.061111111,0.064722222,96.0,96.0,0.0,,58.0,4650.154153,4650.278427,96.0,96.0
EV116,11/22/2021,5.0,76.3043588,0.129444444,2.836666667,2.966111111,93.0,27.0,72.0,151.87392,72.0,4650.278427,4726.582786,97.0,27.0
EV116,11/23/2021,9.0,74.6266571,0.207222222,2.763333333,2.970555555,100.0,36.0,66.0,139.21776,65.0,4726.582786,4801.209443,100.0,36.0
EV116,11/29/2021,12.0,90.9687144,0.459722222,4.203055556,4.662777778,98.0,13.0,93.0,196.17048,75.0,4801.209443,4892.178157,100.0,13.0
EV116,11/30/2021,9.0,48.0941154,1.09,2.691111111,3.7811111110000004,100.0,43.0,59.0,124.45224,75.0,4892.178157,4940.272273,100.0,43.0
EV116,12/1/2021,8.0,92.5221419,0.363611111,3.629444444,3.993055555,100.0,14.0,86.0,181.40496,75.0,4940.272273,5032.794415,100.0,14.0
EV116,12/2/2021,2.0,56.0476642,0.084444444,1.318333333,1.402777777,100.0,58.0,47.0,99.13992,61.0,5032.794415,5088.842079,100.0,57.0
