Vehicle ID,Local Trip Start Time,Local Trip End Time,Total Distance,Idling Time,Driving Time,Total Run Time,Initial SOC,Final SOC,SOC Used,Total Energy Consumption,Average Ambient Temperature,Initial Odometer,Final Odometer,Drive Cycle
EV036,1/24/18 10:26 AM,1/24/18 10:35 AM,5.71,0,0.155278,0.155278,90,79,11,21.38,67,565,570.71,SG-1
EV036,1/24/18 10:38 AM,1/24/18 10:49 AM,6.44,0,0.180556,0.180556,79,65.5,13.5,26.18,67,570.71,577.14,SG-2
EV036,1/24/18 10:51 AM,1/24/18 11:08 AM,5.60,0,0.295278,0.295278,65.5,58.8,6.7,15.09,67,577.14,582.74,UDDS
EV036,1/24/18 11:10 AM,1/24/18 11:16 AM,0.03,0,0.093889,0.093889,58.8,58.7,0.1,0.26,68,582.74,582.78,DPT-Ph 1
EV036,1/24/18 11:17 AM,1/24/18 11:30 AM,0.66,0,0.222778,0.222778,58.7,58,0.7,1.47,68,582.78,583.44,DPT-Ph 2
EV036,1/24/18 11:31 AM,1/24/18 12:03 PM,5.08,0,0.532778,0.532778,58,53.2,4.8,11.64,69,583.44,588.51,DPT-Ph 3
EV036,1/24/18 12:45 PM,1/24/18 1:22 PM,8.36,0,0.620556,0.620556,53.2,44.6,8.6,20.17,73,588.51,596.87,DPT-Ph 4
EV036,1/24/18 1:25 PM,1/24/18 2:17 PM,26.82,0,0.860556,0.860556,44.6,21.8,22.8,50.24,74,596.87,623.69,DPT-Ph 5
EV036,1/24/18 2:21 PM,1/24/18 2:39 PM,15.87,0,0.304444,0.304444,21.8,10.6,11.2,24.54,81,623.69,649,CD
EV036,1/25/18 10:26 AM,1/25/18 10:36 AM,5.79,0,0.163889,0.163889,100,87.8,12.2,24.08,45,649,654.79,SG-1
EV036,1/25/18 10:38 AM,1/25/18 10:49 AM,6.10,0,0.179722,0.179722,87.8,74.4,13.4,26.29,47,654.79,660.88,SG-2
EV036,1/25/18 10:51 AM,1/25/18 11:08 AM,5.45,0,0.295278,0.295278,74.4,67.4,7,15.29,50,660.88,666.33,UDDS
EV036,1/25/18 11:10 AM,1/25/18 11:16 AM,0.04,0,0.093889,0.093889,67.4,67.2,0.2,0.35,53,666.33,666.37,DPT-Ph 1
EV036,1/25/18 11:17 AM,1/25/18 11:30 AM,0.65,0,0.222778,0.222778,67.2,66.5,0.7,1.56,53,666.37,667.02,DPT-Ph 2
EV036,1/25/18 11:31 AM,1/25/18 12:03 PM,5.03,0,0.532778,0.532778,66.5,61.4,5.1,12.10,55,667.02,672.05,DPT-Ph 3
EV036,1/25/18 12:45 PM,1/25/18 1:22 PM,8.31,0,0.620556,0.620556,61.4,52.2,9.2,21.91,56,672.05,680.36,DPT-Ph 4
EV036,1/25/18 1:25 PM,1/25/18 2:17 PM,26.54,0,0.860556,0.860556,52.2,28.9,23.3,51.08,58,680.36,706.90,DPT-Ph 5
EV036,1/25/18 2:21 PM,1/25/18 2:39 PM,26.43,0,0.505556,0.505556,28.9,10.6,18.3,38.20,58,706.90,733.33,CD
,,,,,,,,,,,,,,
,,,,,,,,,,,,,,
,,,,,,,,,,,,,,
,,,,,,,,,,,,,,
,,,,,,,,,,,,,,
,,,,,,,,,,,,,,
,,,,,,,,,,,,,,
,,,,,,,,,,,,,,
,,,,,,,,,,,,,,
,,,,,,,,,,,,,,
,,,,,,,,,,,,,,
,,,,,,,,,,,,,,
,,,,,,,,,,,,,,
,,,,,,,,,,,,,,
,,,,,,,,,,,,,,
,,,,,,,,,,,,,,
,,,,,,,,,,,,,,
,,,,,,,,,,,,,,
,,,,,,,,,,,,,,
,,,,,,,,,,,,,,
,,,,,,,,,,,,,,
,,,,,,,,,,,,,,
,,,,,,,,,,,,,,
,,,,,,,,,,,,,,
,,,,,,,,,,,,,,
,,,,,,,,,,,,,,
,,,,,,,,,,,,,,
,,,,,,,,,,,,,,
,,,,,,,,,,,,,,
,,,,,,,,,,,,,,
,,,,,,,,,,,,,,
,,,,,,,,,,,,,,
,,,,,,,,,,,,,,
,,,,,,,,,,,,,,
,,,,,,,,,,,,,,
,,,,,,,,,,,,,,
,,,,,,,,,,,,,,
,,,,,,,,,,,,,,
,,,,,,,,,,,,,,
,,,,,,,,,,,,,,
,,,,,,,,,,,,,,
,,,,,,,,,,,,,,
,,,,,,,,,,,,,,
,,,,,,,,,,,,,,
,,,,,,,,,,,,,,
,,,,,,,,,,,,,,
,,,,,,,,,,,,,,
,,,,,,,,,,,,,,
,,,,,,,,,,,,,,
,,,,,,,,,,,,,,
